500
3 3 2
3 2
2 2
1 1
4 3 2
4 2
1 1
3 2
67 25 2
32 10
66 3
21 18
3 95 2
2 67
3 88
1 13
3 3 1
1 1
2 2
135 109 2
26 108
35 44
133 76
250 169 2
74 30
35 60
115 56
135 81 2
29 40
125 25
75 40
228 74 2
165 60
155 6
100 47
3 3 2
3 2
2 3
1 3
149 7 2
41 2
121 7
117 1
4 3 2
1 2
4 2
1 3
204 268 1
4 197
14 18
258 3 2
163 3
211 2
191 3
4 4 2
1 3
1 1
2 1
3 3 2
3 1
3 2
1 2
208 41 2
30 4
106 21
112 25
199 288 2
190 109
125 55
178 116
3 3 2
3 2
2 3
2 2
4 4 2
3 3
2 4
2 2
287 217 2
15 64
264 181
103 21
3 274 2
3 150
2 241
3 253
117 208 2
34 145
95 27
69 133
3 3 2
3 3
3 2
2 2
3 3 2
1 1
3 1
2 2
3 294 2
2 133
2 29
2 136
3 4 2
1 4
3 4
3 1
99 3 2
18 3
75 1
20 2
158 34 2
135 16
61 7
66 11
3 3 2
2 3
3 1
1 2
4 3 2
2 1
3 1
2 2
200 135 2
198 60
57 108
126 74
281 3 2
104 3
271 3
40 3
255 81 2
74 12
4 67
27 50
4 4 2
2 4
4 1
4 3
269 3 2
68 3
28 3
76 3
126 3 2
47 1
42 3
62 3
4 4 2
1 3
1 4
4 1
4 4 2
3 4
1 3
3 2
3 21 2
1 1
1 14
3 11
3 3 2
3 2
3 3
1 3
225 249 2
178 100
129 202
130 184
175 279 2
159 114
35 73
161 5
300 187 2
288 42
78 11
107 58
226 209 2
148 7
177 8
222 185
90 125 2
31 64
79 107
63 117
55 4 2
27 3
37 4
35 2
127 60 2
47 23
33 17
92 17
3 3 2
2 3
1 1
2 2
3 90 2
2 32
3 52
3 31
3 3 2
1 1
3 1
1 2
231 3 2
50 3
212 2
116 3
227 3 2
138 3
72 2
86 3
84 139 2
54 68
84 35
67 65
148 238 2
34 219
126 218
141 159
3 187 2
2 63
1 22
2 78
3 3 2
3 1
2 1
1 1
3 3 2
1 2
3 3
3 2
3 3 2
3 3
2 2
1 2
3 3 2
3 2
2 3
1 1
142 5 2
126 5
29 1
49 2
3 102 2
2 75
3 32
1 100
251 67 2
88 27
226 5
55 46
285 209 2
182 20
125 50
228 189
4 3 2
4 1
3 2
4 3
3 23 2
2 7
2 2
3 9
226 3 2
23 1
182 1
6 2
223 194 2
183 183
197 163
145 115
3 4 2
3 2
1 2
2 2
113 3 2
31 1
42 2
91 2
89 167 2
40 38
71 158
57 105
94 3 2
35 3
42 1
69 2
3 3 2
2 3
2 2
3 3
220 28 2
146 21
167 8
27 8
273 291 2
61 163
120 29
231 45
298 35 2
61 20
83 34
66 34
3 3 2
1 3
2 3
3 1
4 4 2
1 2
3 1
4 3
182 84 2
142 56
180 26
79 80
245 3 2
69 2
231 2
54 2
300 300 2
1 1
1 3
3 1
3 3 2
3 2
1 1
3 3
3 3 2
3 3
3 1
1 3
3 3 2
2 1
1 1
1 3
3 3 2
1 2
2 1
3 1
71 87 2
36 44
1 87
71 1
264 16 2
102 2
90 1
18 2
53 220 2
34 30
38 1
3 7
68 268 2
55 11
41 165
3 94
4 4 2
3 2
4 2
2 2
3 3 2
3 2
1 2
3 3
46 3 2
5 2
39 3
20 1
4 3 2
1 1
4 3
4 1
188 227 2
88 218
74 176
70 79
3 3 2
1 3
2 3
3 2
4 4 2
4 4
3 2
3 3
3 3 2
2 2
3 2
2 3
3 256 2
3 162
3 208
2 250
3 5 2
1 1
3 2
3 1
112 184 2
92 11
83 139
104 22
3 3 2
2 1
3 3
1 1
233 115 2
229 36
199 97
2 25
3 4 2
3 1
3 4
2 2
3 34 2
1 8
2 22
3 16
180 3 2
75 3
1 3
112 2
4 4 2
4 2
3 3
4 1
3 3 2
3 2
3 1
1 3
4 4 2
4 2
2 1
1 2
101 3 2
33 3
15 3
23 1
103 297 2
70 292
61 170
13 3
4 4 2
4 4
1 1
3 3
4 4 2
1 4
4 4
2 2
4 3 2
4 3
1 1
3 1
223 3 2
223 2
154 3
99 3
5 221 2
1 141
1 4
2 49
3 4 2
3 4
1 2
2 2
55 53 2
48 42
39 31
29 10
3 4 2
2 3
2 1
2 2
162 228 2
34 208
32 123
151 59
3 3 2
3 2
1 1
2 2
3 159 2
1 116
2 89
2 101
299 3 2
9 2
217 2
138 2
245 129 2
32 38
83 22
158 118
8 8 2
8 1
8 8
1 1
3 3 2
2 1
1 3
3 1
3 106 2
3 61
1 89
1 15
4 3 2
2 1
3 2
4 3
3 3 2
3 2
1 3
1 1
3 3 2
3 1
3 3
1 2
63 165 2
45 1
26 71
34 83
3 3 2
3 2
2 1
3 1
36 263 2
3 137
26 253
12 108
176 3 2
159 3
79 3
42 3
3 3 2
1 3
2 3
3 1
239 96 2
163 43
97 71
186 81
3 3 2
1 1
2 1
3 2
166 168 2
32 44
25 139
27 129
59 4 2
50 4
22 2
18 2
211 173 2
67 156
104 24
14 15
3 3 2
2 3
3 3
1 3
4 4 2
1 1
2 1
4 1
40 240 2
24 101
26 139
26 71
3 173 2
3 22
2 139
2 87
104 271 2
20 198
73 242
41 62
3 3 2
3 2
1 1
2 3
3 3 2
1 2
3 2
2 3
53 59 2
52 39
9 45
9 35
3 3 2
2 1
2 2
3 2
3 267 2
2 189
3 88
3 150
290 279 2
170 194
45 3
137 190
4 4 2
4 4
2 2
4 2
3 3 2
3 3
2 2
2 3
3 3 2
2 2
1 2
1 3
174 89 1
125 82
48 49
3 3 2
3 1
3 2
2 3
33 3 2
10 2
10 1
9 3
180 3 2
42 3
180 2
88 2
4 4 2
4 2
4 4
2 4
193 256 2
35 122
93 50
23 99
3 98 2
1 12
2 2
1 81
3 4 2
2 4
1 2
3 3
4 3 2
2 1
4 3
3 1
4 3 2
4 2
1 1
2 1
242 166 2
75 106
2 83
105 43
38 171 2
8 166
4 10
36 120
3 3 2
2 3
3 2
3 3
4 3 2
4 2
1 1
3 1
206 208 2
135 37
186 185
52 155
270 157 2
179 16
56 122
41 81
115 154 2
66 71
37 112
39 20
300 5 2
2 3
15 2
300 5
72 300 2
38 228
56 46
44 66
3 3 2
3 3
3 2
1 1
75 212 2
29 10
7 63
14 54
3 3 2
2 2
2 3
1 3
4 3 2
2 3
2 2
2 1
58 3 2
6 1
16 3
38 2
4 4 2
1 2
4 3
2 1
89 95 2
66 9
69 81
8 71
144 3 2
89 3
100 3
129 1
3 3 2
1 3
2 3
2 2
111 3 2
6 1
2 1
33 2
156 129 1
130 26
151 5
276 3 2
161 3
177 2
89 2
4 3 2
2 1
1 3
2 2
4 271 2
2 236
3 168
3 89
297 3 2
153 2
222 3
27 1
180 160 2
76 144
177 64
151 55
4 4 2
1 2
4 1
3 4
3 4 2
2 2
3 4
1 4
3 3 2
1 3
3 2
1 1
141 267 2
131 38
1 215
3 95
168 4 2
124 3
144 4
29 2
3 3 2
1 1
3 3
1 3
244 3 2
220 2
182 2
60 1
3 3 2
1 1
2 2
3 3
198 3 2
7 1
50 1
103 1
4 4 2
2 3
2 4
4 3
3 13 2
2 11
3 7
3 8
3 132 2
3 96
3 13
3 87
4 4 2
4 3
3 3
3 1
4 4 2
3 2
4 1
1 3
160 77 2
156 58
106 65
56 49
175 256 2
140 73
100 193
25 48
19 3 2
10 2
1 1
2 2
69 289 2
20 232
64 80
40 99
158 63 2
43 4
33 57
88 55
252 3 2
44 1
231 1
8 2
4 3 2
4 2
1 1
4 3
153 285 2
10 36
90 263
121 210
6 146 2
1 103
2 83
2 13
17 3 2
11 2
17 3
13 3
3 37 2
3 29
3 35
3 4
4 4 2
3 3
2 2
1 4
3 120 2
1 3
2 12
1 34
3 10 2
2 10
1 9
3 9
168 21 2
163 10
97 9
138 21
186 263 2
90 115
175 74
38 165
171 234 2
58 26
69 153
83 50
271 14 2
54 1
252 7
34 8
4 3 2
4 2
3 3
3 2
134 195 2
95 91
74 21
55 111
4 3 2
2 3
2 1
2 2
3 3 2
3 1
3 2
2 2
121 289 2
59 80
103 110
28 277
3 130 2
2 1
2 91
2 8
3 95 2
1 71
1 53
1 77
4 4 2
4 2
1 4
4 3
58 199 2
26 117
45 105
31 144
4 4 2
2 3
2 2
4 1
3 33 2
3 7
1 18
2 29
94 26 2
29 21
61 19
22 19
4 3 2
3 2
4 3
1 2
47 3 2
46 3
2 3
36 2
3 191 2
3 184
2 46
1 113
3 3 2
2 2
3 1
1 2
200 84 2
116 7
187 20
69 46
4 4 2
3 2
2 1
2 2
3 4 2
3 1
1 3
2 1
3 3 2
1 3
3 3
2 2
3 3 2
2 1
2 2
3 1
236 147 2
155 41
67 110
7 137
300 300 2
1 1
1 2
2 1
3 4 2
3 2
2 4
1 3
4 4 2
1 4
1 3
3 1
48 230 2
5 227
26 141
6 110
3 93 2
2 9
1 51
2 53
3 3 2
2 3
2 2
2 1
166 179 2
10 48
21 162
151 116
3 3 2
1 3
2 1
3 3
4 3 2
4 1
3 2
1 1
71 87 2
36 44
1 87
71 1
4 4 2
1 2
4 4
3 1
3 296 2
1 145
1 287
1 100
3 257 2
1 233
1 11
1 17
4 4 2
2 2
3 1
4 4
272 47 2
155 20
148 20
101 33
254 32 2
29 17
40 5
204 24
3 266 2
2 75
1 35
3 102
214 283 2
164 172
64 221
191 274
286 86 2
84 40
132 77
228 3
3 3 2
3 3
3 1
3 2
172 242 2
1 140
47 226
147 42
4 4 2
1 3
3 2
2 4
3 3 2
1 1
2 2
1 2
3 292 2
2 41
3 147
1 95
3 3 2
1 1
2 3
2 1
197 240 2
33 66
45 42
22 50
3 4 2
1 4
1 3
3 4
3 261 2
2 207
1 163
1 220
214 47 2
141 22
72 2
209 8
3 3 2
2 3
2 2
1 1
23 3 2
3 2
8 3
21 2
3 10 2
2 10
1 9
3 9
168 157 2
27 14
154 68
46 114
3 20 2
3 18
1 11
1 5
3 3 2
3 1
3 3
2 1
285 188 2
37 170
182 88
284 169
4 3 2
4 3
1 3
3 3
3 3 2
1 3
1 2
1 1
291 177 2
259 154
268 97
265 113
3 82 2
1 80
2 68
2 54
3 4 2
3 4
2 1
3 3
31 224 2
27 151
13 176
31 74
74 3 2
3 1
62 2
27 3
50 3 2
18 1
4 3
15 3
145 289 2
43 39
50 258
107 247
64 223 2
5 170
33 136
34 45
243 3 2
178 2
212 3
233 3
41 3 2
24 1
36 1
21 1
210 273 2
131 202
206 11
201 65
170 240 2
155 128
89 28
34 87
3 3 2
2 2
3 3
1 3
3 3 2
3 2
2 2
2 1
4 4 2
4 2
2 3
2 4
3 295 2
2 275
3 128
2 162
3 3 2
2 3
2 2
1 2
177 156 2
169 111
111 94
58 20
7 7 2
4 4
1 7
2 7
3 3 2
2 3
1 1
2 1
173 44 2
143 12
80 26
129 22
4 4 2
2 2
4 2
2 3
3 276 2
2 102
2 208
2 128
3 3 2
1 1
1 3
3 1
3 3 2
1 2
2 3
2 2
298 116 2
20 54
42 64
181 36
83 219 2
62 168
55 10
79 219
100 16 2
33 3
15 7
23 4
3 276 2
2 25
3 99
3 19
3 3 2
3 1
1 2
2 2
3 3 2
3 2
3 1
2 1
3 3 2
3 2
1 2
2 1
3 3 2
3 1
2 3
3 3
4 4 2
2 3
2 4
2 1
3 3 2
1 3
3 2
1 2
288 207 1
117 25
197 154
180 96 2
108 61
35 16
78 14
4 4 2
1 4
4 4
2 2
4 3 2
3 1
3 3
4 1
4 4 2
1 1
3 4
4 4
276 3 2
246 1
145 2
41 3
3 4 2
1 4
3 2
2 3
4 4 2
1 3
4 4
2 4
259 179 2
141 162
185 106
101 127
4 4 2
1 2
1 3
1 4
22 3 2
15 2
22 2
19 3
152 125 2
142 29
107 118
124 64
284 3 2
264 1
245 2
217 1
3 3 1
1 1
2 2
82 3 2
20 3
51 3
16 3
290 225 2
91 99
219 47
156 186
135 127 2
131 30
40 86
75 12
116 180 2
88 84
50 38
29 131
228 70 2
119 56
87 32
70 27
156 123 2
16 34
19 59
132 118
209 244 2
187 202
38 243
193 43
32 3 2
3 3
8 2
9 1
4 4 2
4 3
1 3
2 3
186 281 2
32 85
37 244
92 75
248 275 2
86 128
145 122
16 19
3 3 2
2 1
2 2
3 3
3 3 2
3 2
1 1
2 1
223 130 2
95 101
196 15
9 117
4 4 2
3 1
2 4
4 2
184 238 2
179 45
137 177
183 9
9 238 2
8 156
5 230
4 8
298 3 2
101 2
276 1
259 1
3 4 2
3 1
2 1
1 3
228 3 2
65 2
112 2
207 3
30 197 2
1 130
17 133
11 160
3 3 2
1 1
3 3
2 2
117 3 2
79 2
60 3
18 3
168 75 2
47 3
20 35
4 10
296 231 2
220 166
98 17
194 46
3 25 2
2 23
3 20
2 14
3 39 2
2 13
2 24
1 13
4 4 2
1 1
4 4
2 2
3 3 2
1 1
3 3
1 3
129 52 2
4 17
104 11
114 41
4 3 2
3 1
1 1
3 3
198 3 2
55 1
177 2
71 1
196 284 2
166 92
88 177
39 240
3 3 2
3 1
1 3
2 1
267 136 2
100 69
55 84
242 32
32 233 2
20 29
4 47
23 28
149 123 2
16 106
78 24
139 123
3 97 2
1 67
3 9
2 27
217 9 2
213 5
194 9
114 4
158 3 2
157 1
149 2
34 2
268 3 2
251 2
170 2
158 3
4 4 2
3 4
2 1
3 1
105 72 2
59 50
55 19
24 64
20 272 2
7 12
12 50
20 140
296 3 2
88 1
237 1
65 2
3 3 2
1 3
2 2
1 1
225 16 2
93 10
34 5
146 5
269 137 2
56 102
67 65
73 79
257 294 2
117 290
188 102
74 103
136 3 2
125 1
21 3
52 2
46 247 2
31 129
26 113
14 182
4 4 2
4 3
2 3
2 1
214 3 2
101 2
68 3
85 2
19 3 2
4 3
18 3
18 1
4 3 2
4 2
3 3
2 3
3 3 2
1 1
2 1
3 1
3 3 2
1 1
1 3
3 1
224 213 2
48 133
146 139
57 84
3 3 2
1 2
2 3
1 3
300 5 2
2 3
15 2
300 5
3 294 2
2 139
2 81
2 220
140 38 2
96 34
11 3
128 13
4 3 2
1 2
3 2
3 3
259 110 2
66 23
226 78
152 57
100 197 2
9 189
63 138
11 143
3 3 2
3 1
2 1
3 2
4 3 2
4 1
3 3
2 3
4 3 2
4 3
1 3
2 3
68 37 2
26 6
48 36
37 30
3 4 2
2 2
1 1
1 3
3 3 2
2 2
2 3
1 2
4 4 2
1 3
3 2
3 4
160 149 2
75 15
76 149
22 8
129 232 2
49 217
27 217
30 198
136 205 2
86 28
65 168
69 93
296 79 2
158 66
257 62
100 19
3 4 2
1 2
1 3
3 4
254 19 2
49 19
145 12
93 2
148 210 2
16 80
70 65
148 159
3 4 2
2 3
3 2
3 1
3 53 2
1 31
2 42
1 23
263 139 2
168 22
249 48
202 130
4 3 2
2 2
2 3
3 2
3 3 2
1 1
2 2
1 2
4 4 2
1 4
1 2
3 4
83 219 2
60 41
30 1
76 124
43 22 2
28 12
12 20
35 16
152 258 2
133 175
13 143
23 39
3 4 2
2 1
2 2
1 2
3 3 2
1 1
2 1
2 2
4 3 2
4 1
4 3
3 3
67 25 2
32 10
66 3
21 18
3 3 2
2 2
1 3
1 1
3 3 2
2 3
1 1
2 1
69 68 2
9 23
26 16
9 44
97 274 2
70 76
62 269
85 57
44 170 2
9 42
25 61
42 46
3 3 2
1 3
3 2
2 1
147 3 2
15 2
38 3
120 1
4 3 2
1 2
3 2
1 1
3 3 2
2 2
1 3
1 1
161 74 2
130 30
80 12
70 47
4 4 2
2 1
4 1
2 2
3 3 2
1 3
2 2
1 1
241 3 2
24 1
88 3
194 2
25 65 2
5 10
6 16
7 9
3 3 2
2 1
1 3
2 3
3 3 2
3 2
1 2
2 3
4 4 2
4 2
2 1
3 4
4 4 2
4 1
4 4
2 1
68 46 2
28 20
8 23
52 12
255 59 2
32 50
204 38
216 4
4 3 2
4 3
2 3
1 2
3 3 2
3 1
2 3
1 3
3 3 2
3 3
2 1
2 2
3 120 2
3 114
2 58
3 26
3 3 2
3 1
2 3
1 2
190 195 2
71 146
82 8
37 161
3 3 2
1 1
2 1
3 3
291 211 2
208 67
155 167
81 199
4 4 2
1 1
1 2
2 3
114 3 2
14 2
40 3
37 1
241 3 2
6 2
229 3
155 3
3 3 2
1 2
3 1
3 2
4 4 2
3 2
3 1
4 2
101 3 2
7 2
58 1
16 3
221 142 2
185 6
114 41
54 120
4 4 2
3 2
3 4
1 3
64 245 2
5 28
17 9
22 240
3 3 2
1 2
2 3
2 1
3 3 2
2 3
1 3
3 2
253 99 2
114 90
210 26
246 65
174 93 2
18 43
173 13
40 22
109 3 2
37 3
79 1
96 1
3 23 2
2 20
2 21
1 2
19 55 2
10 5
7 31
14 4
3 3 2
3 1
2 3
1 1
260 248 2
212 121
112 198
193 141
3 3 2
2 1
1 3
2 3
171 80 2
95 67
32 79
160 6
8 8 2
8 1
8 8
1 1
196 103 2
55 12
31 70
68 53
3 4 2
1 1
3 3
2 1
191 3 2
48 3
12 2
154 2
111 31 2
65 15
35 4
107 5
4 3 2
3 3
4 1
4 3
4 3 2
4 3
3 1
4 1
267 141 2
37 110
151 96
107 43
4 3 2
1 2
4 1
2 1
296 63 2
5 30
78 47
40 32
3 3 2
3 3
1 3
1 2
3 3 2
3 3
2 1
2 2
4 4 2
3 3
2 4
1 4
104 3 2
47 1
64 2
79 1
154 261 2
94 84
21 55
116 213
3 193 2
1 69
1 37
3 181
4 3 2
3 2
3 3
1 1
226 192 2
159 49
92 183
34 57
226 61 2
118 38
84 50
213 36
222 107 2
187 74
94 24
176 107
20 3 2
4 1
17 2
8 2
116 138 2
56 86
28 44
110 102
242 173 2
210 29
94 76
144 64
150 12 2
54 2
73 8
46 7
4 4 2
2 3
3 4
4 2
43 214 2
17 134
23 175
40 162
3 3 2
1 3
3 1
1 1
4 4 2
1 2
4 3
2 2
203 271 2
156 138
147 155
154 197
88 83 2
66 62
69 43
25 57
3 3 2
3 2
1 3
2 2