100
9 8
10110011
01011011
01110100
00111101
01000100
00011101
01100101
10001111
01000010
LULR
9 3
110
010
101
000
011
011
110
011
010
DRDU
1 4
1011
UURU
10 4
1001
1110
1110
1100
0110
0001
1100
0111
0111
1000
URUL
9 2
00
01
01
10
01
11
11
01
10
LDDR
9 7
0111100
0011101
1001110
0010110
0100001
0000011
1101100
1001001
1100100
UDLR
3 9
111100111
010001001
011001000
DUDL
2 6
100111
111111
RDRD
7 5
10100
10101
11011
00101
01100
00100
11001
DRLU
3 4
1110
1000
0001
RLRR
3 3
101
000
111
UDUD
6 6
010000
000111
001010
110101
100001
101101
ULRD
4 9
110011010
100010001
011110000
100111101
LDLD
4 5
00010
00011
10111
00101
RULU
9 1
1
0
0
1
1
1
1
1
0
UUDD
9 4
1111
0111
1100
1110
1100
0111
1001
0110
0010
ULUD
10 5
01111
01101
11100
10001
00110
00001
00010
10110
00010
01001
RULD
9 7
0000001
0010001
0010010
1010100
0010111
1001011
0100111
1110101
0010101
DDDU
7 7
0010000
0101111
1010000
1100100
0000010
0111010
1011011
LRRR
5 3
110
111
111
000
111
DDUU
1 6
000001
RDRU
2 7
0111000
1000110
RRLR
9 5
10001
00011
01010
11100
10111
10100
10000
10011
11100
UUUD
8 6
011100
110110
110010
100010
011110
111000
011000
111110
LLUD
5 5
00110
11100
11010
01100
00000
LDUD
8 3
011
110
001
010
100
101
100
100
DLDR
9 10
1011101110
0001110101
1010010101
0011110001
1011100111
1110101111
0110101111
0001110011
1000010111
LRRD
8 5
00110
11001
10100
00000
01110
00100
10000
01100
LDDU
9 1
1
1
1
0
1
1
1
1
0
UUDR
2 1
0
1
RRRU
3 4
0010
1101
0100
UURL
6 10
1000001111
1001011101
1111101100
0100110000
1101001101
1100000110
DRRL
10 3
110
010
111
000
100
010
010
011
010
111
RUUD
2 5
00010
00000
DRLR
9 4
1100
0110
0111
1001
0001
0010
0111
0100
1001
RRUL
9 5
11010
11101
11100
01101
11110
10011
00010
10100
11101
URLD
4 8
10100010
10110011
01100110
00111000
LURR
8 9
100000010
001000111
000110110
001000000
111110000
111010001
000001011
011000110
UDDL
10 4
1111
1101
1100
0011
0000
1110
1101
1100
0101
1010
URDU
2 10
0101110011
1000101001
URRL
8 8
10001111
00001010
01111011
11001011
00111111
11101011
10100001
10110100
RULL
3 2
10
00
00
LRUR
10 5
11110
00010
11101
10101
10100
11001
01011
10111
10100
01011
RUDD
10 1
1
0
0
1
1
1
0
0
0
1
RLDL
5 5
01001
00011
11100
01010
11001
RDUR
7 4
1101
0011
1001
1111
0100
1011
1010
DLLU
10 5
10001
11100
01001
01000
11000
00000
01001
11000
11111
01000
DURU
3 4
1011
0100
1011
LLUR
2 9
001011011
101101010
LDLU
5 9
000101001
100000100
010010010
010010010
111101100
RDDD
9 4
0000
0001
1010
1011
1000
0001
0110
1110
0100
RUUL
8 2
10
10
00
10
11
01
00
01
LDRR
3 4
1010
1111
0011
DRUR
9 7
1011101
1001010
0000111
1100000
1000000
1011010
0000000
0011100
1001001
LLRL
3 9
101101110
110111111
011110110
LRUR
3 2
01
00
01
LDLL
4 2
10
01
11
00
LDRD
8 3
101
011
111
001
011
101
010
100
RURU
8 5
10000
11011
01000
01111
01001
01010
00100
10111
LULU
2 8
11000011
00101001
LRLL
6 9
101001110
000010101
111011011
010000100
010110111
001100001
UDLL
5 8
00011010
01110011
01111110
11011110
11111011
DDUL
3 3
111
001
001
UUUD
5 5
10001
10001
00000
01100
01000
URUR
8 1
1
0
0
1
1
1
1
1
RUUU
6 4
1011
0111
1110
0011
0010
0111
LLDL
10 5
11000
01110
00000
01101
10010
01001
00000
00011
01111
01011
RDDR
6 1
0
1
0
0
0
1
DDRR
7 1
1
1
1
1
0
1
0
RRRU
1 8
10100101
UURL
6 8
00101011
00111101
01010000
11100110
10010100
01110110
RRRU
6 6
101101
011111
010010
000011
100011
011101
LLDU
10 6
000001
101110
001000
101011
111101
001011
100011
011111
000101
111001
RLDD
5 8
01101011
10101101
00111001
11110100
01011100
URLL
5 1
0
1
0
1
0
RULD
5 1
1
0
0
0
0
LLDL
8 8
10001000
10111110
01101101
10010111
11111110
00011101
01110111
11110000
URUD
6 3
110
101
001
010
010
111
DLRD
1 4
0111
RLUL
2 4
1111
0001
DLRD
2 5
01011
00011
ULUU
10 9
000100101
000010000
110011110
101101101
111111100
000000101
010000101
111010000
110010000
010010000
RULL
3 1
1
1
1
RUUR
9 7
1000100
1111010
0110010
0011100
1100100
0010101
0110000
0110101
1110000
RLUL
10 3
000
101
111
110
100
010
101
101
010
111
RRRU
6 1
0
0
1
1
1
0
RLUD
4 3
000
100
101
111
DDLU
6 4
1110
0110
1000
0010
1100
1110
LRDR
2 8
00001010
00001000
LLUD
5 7
1000101
0111110
1000100
0010011
0111111
RUDR
1 1
0
RRLL
3 1
0
1
0
URDL
4 5
10001
00011
10010
10110
RLRD
3 7
1100110
0110111
0011110
URRD
3 2
11
01
01
URLL
8 7
1101001
1100100
0000111
1000111
1010101
0011111
0010011
1001001
RRLD
7 7
1100101
0110011
0111010
1001101
0011111
1111101
1111001
LRUD
6 10
1110110011
1010100111
0010101001
0101111110
1000110101
1010010010
RRUU
8 4
0001
0110
1011
0001
0011
1010
0000
1111
UUDU
10 2
10
00
00
00
11
00
01
01
01
10
ULRL
