00011111
00011111
00011111
00011111
00001111
00001111
00001111
00000011
00000011
111
111
111
011
001
001
001
000
000
0111
1111
1111
1111
1111
1110
1100
1000
0000
0000
0000
00
01
01
01
01
01
01
11
11
0000000
0000000
0000000
0000001
0000011
0011111
1111111
1111111
1111111
100000000
111100000
111111110
001111
111111
11111
11110
11110
11100
10000
00000
00000
0111
0001
0001
000
101
111
000000
000000
000001
000111
111111
111111
111000000
111100000
111110000
111111000
11110
11000
11000
10000
0
0
0
1
1
1
1
1
1
0000
0000
1000
1100
1110
1111
1111
1111
1111
10000
10000
10000
11000
11000
11000
11100
11100
11100
11110
1111111
1110111
1010111
0010111
0010101
0010001
0000001
0000000
0000000
0000001
0011111
0000011
0000111
0000001
0001111
0011111
111
111
111
110
000
000001
0000111
0000111
00000
00000
10000
10000
10000
10111
11111
11111
11111
110000
110000
111000
111000
111000
111100
111100
111110
00000
11000
11000
11100
11100
000
000
000
001
001
111
111
111
0000011111
0000011111
0000011111
0000011111
0000011111
0001111111
0001111111
0001111111
0011111111
11100
11100
11000
11000
11000
10000
10000
00000
0
0
1
1
1
1
1
1
1
1
0
1111
1000
0000
0000000000
1100000000
1111000000
1111110000
1111111110
1111111111
000
001
001
001
001
001
011
011
111
111
00000
00001
1110
1110
1100
1100
1100
1100
1000
1000
1000
00000
00000
10000
11100
11100
11111
11111
11111
11111
00011111
00001111
00000111
00000111
000000000
000000000
000000000
110000000
110000000
111111100
111111110
111111111
1111
1111
1111
1111
0111
0011
0011
0000
0000
0000
1111111100
1100000000
11111100
11111100
11111100
11111000
11111000
11110000
11100000
11000000
01
00
00
00001
00011
00011
00111
00111
00111
00111
01111
01111
01111
0
0
0
0
0
1
1
1
1
1
00111
00111
00011
00011
00011
1111
1111
1111
1110
1100
0000
0000
11111
01111
00111
00111
00011
00001
00001
00001
00000
00000
0111
0111
0001
111110000
111110000
000000011
000000111
000000111
000000111
000111111
1110
1110
1100
1100
1000
1000
1000
1000
0000
00
00
01
01
01
01
01
11
1111
0111
0001
1111100
1110000
1110000
1100000
1000000
1111000
0000000
1110000
1110000
011111111
000111111
000111111
00
10
10
00
01
01
11
111
011
011
011
011
001
001
001
11110
11110
11110
11000
11000
10000
10000
10000
11110000
11100000
000000000
000000000
110000000
111111000
111111111
111111111
11111111
11111111
11111000
11110000
11000000
001
001
111
01111
00111
00000
00000
00000
1
1
1
1
1
1
0
0
1000
1100
1110
1110
1110
1110
00000
00000
00011
00011
00011
00011
00111
00111
00111
01111
0
0
0
0
1
1
1
1
1
1
1
0
0
11110000
00011111
00011111
00011111
00001111
00000111
00000011
111110
111100
111100
111000
110000
110000
100000
100000
110000
111000
111000
111100
111100
111100
111110
111110
11111111
11111110
11111100
11000000
00000000
0
0
0
1
1
0
0
0
0
1
00000000
00000000
00000011
00011111
11111111
11111111
11111111
11111111
000
000
001
111
111
111
1110
0001
1111
11100
11000
111111100
111111000
111111000
111100000
111000000
111000000
111000000
110000000
110000000
100000000
1
1
1
1111100
1111000
1110000
1110000
1110000
1110000
1110000
1100000
1100000
111
111
011
011
011
011
001
001
001
000
0
0
0
1
1
1
111
110
100
000
0001
0001
0011
0011
0111
0111
10000000
11000000
0000011
0000111
0000111
0011111
0111111
0
0
0
1
00011
00011
00011
00111
0000011
0001111
1111111
11
10
10
1110000
1110000
1110000
1110000
1111000
1111000
1111000
1111100
0001111
0001111
0001111
0001111
0011111
0011111
0111111
0001111111
0001111111
0000111111
0000011111
0000001111
0000001111
1111
1111
1011
0011
0011
0000
0000
0000
11
11
11
10
00
00
00
00
00
00
