96
5 2 1 2
1 2 4 5
5 5 2 3
6 1 3 4
1 6 3 3
2 1 2 2
1 1 1 1
5 2 1 2
1 2 4 5
5 5 2 3
6 1 3 4
1 6 3 3
2 1 2 2
1 1 1 1
5 2 1 2
1 2 4 5
5 5 2 3
6 1 3 4
1 6 3 3
2 1 2 2
1 1 1 1
5 2 1 2
1 2 4 5
5 5 2 3
6 1 3 4
1 6 3 3
2 1 2 2
1 1 1 1
5 2 1 2
1 2 4 5
5 5 2 3
6 1 3 4
1 6 3 3
2 1 2 2
1 1 1 1
5 2 1 2
1 2 4 5
5 5 2 3
6 1 3 4
1 6 3 3
2 1 2 2
1 1 1 1
5 2 1 2
1 2 4 5
5 5 2 3
6 1 3 4
1 6 3 3
2 1 2 2
1 1 1 1
5 2 1 2
1 2 4 5
5 5 2 3
6 1 3 4
1 6 3 3
2 1 2 2
1 1 1 1
5 2 1 2
1 2 4 5
5 5 2 3
6 1 3 4
1 6 3 3
2 1 2 2
1 1 1 1
5 2 1 2
1 2 4 5
5 5 2 3
6 1 3 4
1 6 3 3
2 1 2 2
1 1 1 1
5 2 1 2
1 2 4 5
5 5 2 3
6 1 3 4
1 6 3 3
2 1 2 2
1 1 1 1
5 2 1 2
1 2 4 5
5 5 2 3
6 1 3 4
1 6 3 3
2 1 2 2
1 1 1 1
5 2 1 2
1 2 4 5
5 5 2 3
6 1 3 4
1 6 3 3
2 1 2 2
1 1 1 1
5 2 1 2
1 2 4 5
5 5 2 3
6 1 3 4
1 6 3 3
2 1 2 2
1 1 1 1
5 2 1 2
1 2 4 5
5 5 2 3
6 1 3 4
1 6 3 3
2 1 2 2
1 1 1 1
5 2 1 2
1 2 4 5
5 5 2 3
6 1 3 4
1 6 3 3
2 1 2 2
1 1 1 1
5 2 1 2
1 2 4 5
5 5 2 3
6 1 3 4
1 6 3 3
2 1 2 2
1 1 1 1
5 2 1 2
1 2 4 5
5 5 2 3
6 1 3 4
1 6 3 3
2 1 2 2
1 1 1 1
5 2 1 2
1 2 4 5
5 5 2 3
6 1 3 4
1 6 3 3
2 1 2 2
1 1 1 1
5 2 1 2
1 2 4 5
5 5 2 3
6 1 3 4
1 6 3 3
2 1 2 2
1 1 1 1
5 2 1 2
1 2 4 5
5 5 2 3
6 1 3 4
1 6 3 3
2 1 2 2
1 1 1 1
5 2 1 2
1 2 4 5
5 5 2 3
6 1 3 4
1 6 3 3
2 1 2 2
1 1 1 1
5 2 1 2
1 2 4 5
5 5 2 3
6 1 3 4
1 6 3 3
2 1 2 2
1 1 1 1
5 2 1 2
1 2 4 5
5 5 2 3
6 1 3 4
1 6 3 3
2 1 2 2
1 1 1 1
5 2 1 2
1 2 4 5
5 5 2 3
6 1 3 4
1 6 3 3
2 1 2 2
1 1 1 1
5 2 1 2
1 2 4 5
5 5 2 3
6 1 3 4
1 6 3 3
2 1 2 2
1 1 1 1
5 2 1 2
1 2 4 5
5 5 2 3
6 1 3 4
1 6 3 3
2 1 2 2
1 1 1 1
5 2 1 2
1 2 4 5
5 5 2 3
6 1 3 4
1 6 3 3
2 1 2 2
1 1 1 1
5 2 1 2
1 2 4 5
5 5 2 3
6 1 3 4
1 6 3 3
2 1 2 2
1 1 1 1
5 2 1 2
1 2 4 5
5 5 2 3
6 1 3 4
1 6 3 3
2 1 2 2
1 1 1 1
5 2 1 2
1 2 4 5
5 5 2 3
6 1 3 4
1 6 3 3
2 1 2 2
1 1 1 1
5 2 1 2
1 2 4 5
5 5 2 3
6 1 3 4
1 6 3 3
2 1 2 2
1 1 1 1