100 50
28 3 34 13 2 2 0 6 21 28 37 21 27 28 35 10 11 35 29 3 10 30 31 39 28 6 10 36 20 17 16 9 20 12 23 24 14 25 30 35 12 26 16 1 15 12 11 26 8 1 32 18 31 22 18 20 30 28 15 10 4 34 21 26 5 5 11 21 30 1 15 4 29 33 7 4 6 18 32 14 22 23 34 12 4 11 33 35 39 9 6 4 4 29 30 11 35 3 34 24 
2 97 98
2 60 97
2 4 5
3 35 26
3 2 20
1 48 72
3 22 30
2 50 62
2 7 26
3 58 29
2 51 52
2 73 89
1 77 97
2 11 29
2 75 83
2 12 92
2 19 62
1 75 95
2 51 76
2 52 64
2 50 90
1 82 91
2 91 98
2 97 98
1 37 58
3 59 4
1 88 94
1 17 71
2 78 83
2 21 84
3 72 35
1 79 98
3 9 16
3 5 8
2 9 51
2 1 11
1 24 70
2 14 96
3 36 22
1 57 86
1 52 86
2 25 41
2 17 92
1 36 65
2 27 57
2 64 68
1 93 100
3 18 26
2 91 91
3 30 1
